60 64 67 71
43 58 69 72
43 50 58 69 72
43 50 58 67 69 72
43 50 58 65 67 69 72
43 50 58 62 65 67 69 72
43 58 62 65 67 69 72
43 62 65 67 69 72
43 62 67 69 72
43 67 69 72
48 52 58 63
48 52 58 63 70
52 58 63 68
48 52 58 63 68
48 52 58 68
50 65 67 72
43 50 65 67 72
43 50 57 65 67 72
43 50 57 58 65 67 72
43 50 57 58 65 67 69 72
43 50 57 58 65 69 72
43 50 57 65 69 72
43 50 57 69 72
43 50 69 72
50 62 65 69
50 58 62 65 69
43 50 58 62 65 69
43 50 57 58 62 65 69
43 50 62 65 69
43 50 65 69
43 58 62 69
43 50 58 62 69
43 58 62 65 69
39 55 62 67
39 53 55 62 67
39 46 53 55 62 67
39 46 53 55 60 62 67
39 46 53 55 60 67
39 46 53 60 67
39 46 53 67
39 46 53 55
39 46 53 58
39 46 53 62
50 58 69 72
43 50 62 65 67 69 72
50 62 65 67 69 72
62 65 67 69 72
62 65 67 72
56 60 65 70
56 60 65 67 70
48 56 60 65 67 70
48 56 60 63 65 67 70
41 48 56 60 63 65 67 70
41 48 60 63 65 67 70
48 60 63 65 67 70
48 60 63 67 70
48 60 63 70
39 46 54 61
39 46 54 61 65
39 46 54 61 65 68
39 46 61 65 68
39 61 65 68
37 44 60 65
37 44 56 60 65
37 56 60 65
38 53 55 60
38 45 53 55 60
38 45 55 60
52 60 62 67
52 55 60 62 67
45 52 55 60 62 67
45 52 55 59 60 62 67
45 52 55 59 60 62 64 67
45 52 59 60 62 64 67
45 52 59 60 62 67
45 59 60 62 67
45 59 60 67
41 60 63 67
41 48 60 63 67
41 48 56 60 63 67
41 48 55 56 60 63 67
48 56 60 63 67
56 60 63 67
55 58 62 67
46 55 58 62 67
39 46 55 58 62 67
39 46 55 62 67
53 56 60 67
37 53 56 60 67
37 44 53 56 60 67
44 53 56 60 67
55 60 62 67
55 60 62 64 67
52 55 60 62 64 67
45 52 55 60 62 64 67
52 55 62 64 67
52 55 64 67
47 57 62 67
47 53 57 62 67
47 53 55 57 62 67
55 57 62 67
47 55 57 62 67
58 60 63 67
44 58 60 63 67
44 51 58 60 63 67
51 58 60 63 67
51 58 63 67
52 58 63 67
48 52 58 63 67
48 58 63 67
41 56 60 63 67
41 56 58 60 63 67
41 48 56 58 60 63 67
41 48 55 56 58 60 63 67
56 58 60 63 67
46 55 62 67
39 46 51 55 58 62 67
46 55 58 67
38 45 55 67
38 45 55 64 67
38 45 55 60 64 67
38 45 55 57 60 64 67
38 45 53 55 57 60 64 67
45 53 55 57 60 64 67
45 53 55 60 64 67
53 55 60 64 67
55 60 64 67
57 59 62 67
55 57 59 62 67
47 55 57 59 62 67
40 47 55 57 59 62 67
40 47 54 55 57 59 62 67
40 55 57 59 62 67
40 55 57 62 67
40 54 55 57 62 67
40 54 55 57 59 62 67
40 57 59 62 67
38 55 64 67
38 55 57 64 67
38 53 55 57 64 67
38 53 55 57 60 64 67
38 53 55 60 64 67
40 57 62 67
40 47 55 57 62 67
45 52 55 67
45 52 55 62 67
45 52 55 59 60 64 67
45 52 59 60 64 67
45 59 60 64 67
59 60 64 67
60 62 64 67
59 60 62 64 67
52 59 60 62 64 67
45 52 64 67
45 52 59 64 67
52 55 59 60 62 64 67
52 55 59 60 62 67
55 59 60 62 67
59 60 62 67
44 55 63 67
44 55 60 63 67
44 51 55 60 63 67
51 55 60 63 67
55 60 63 67
45 55 64 67
45 55 62 64 67
45 55 59 62 64 67
45 52 55 59 62 64 67
52 59 60 64 67
47 55 62 67
44 51 55 63 67
41 55 56 58 60 63 67
41 55 56 60 63 67
55 56 60 63 67
55 56 63 67
39 46 55 58 67
38 55 57 67
38 55 57 60 67
38 53 55 57 60 67
53 55 57 60 64 67
53 57 60 64 67
53 60 64 67
40 55 57 67
40 55 57 59 67
47 54 55 57 59 62 67
54 55 57 59 62 67
38 55 60 64
38 55 57 60 64
38 53 55 57 60 64
38 45 53 55 57 60 64
38 45 55 57 60 64
38 45 55 60 64
47 55 57 62
40 47 55 57 62
40 47 54 55 57 62
40 47 55 62
55 59 60 64
52 55 59 60 64
45 52 55 59 60 64
45 55 59 60 64
44 54 59 64
43 53 58 64
45 53 57 64
45 53 57 60 64
45 53 55 57 60 64
53 55 57 60 64
55 57 60 64
40 47 54 62
40 47 54 55 62
40 47 54 57 62
40 47 57 62
43 54 59 62
42 52 57 62
38 53 57 60 64
38 53 60 64
55 57 62 66
38 45 53 60
38 45 53 60 64
38 45 53 57 60 64
38 45 57 60 64
45 57 60 64
40 55 57 62
38 57 62 67
38 45 57 62 67
38 45 53 57 62 67
38 45 53 57 62
38 45 53 57 62 64
38 45 53 57 64
38 45 53 64
40 47 55 67
40 47 55 67 72
40 47 55 72
40 47 55 69
38 67 72 76
38 45 72 76
38 45 53 74
38 45 53 74 79
38 45 53 79
40 47 55 69 74
40 47 55 74
40 47 55 71 74
40 47 55 71
38 57 60 67
38 45 57 60 67
38 45 53 57 60 67
45 53 57 60 67
45 57 60 67
38 45 53 55 60 64
53 57 60 64
45 52 55 60 64
45 52 60 64
43 54 59 64
42 52 57 64
40 47 62 66
38 53 62 66
38 45 53 62 66
38 45 53 57 62 66
45 53 57 62 66
53 57 62 66
38 57 62 69
38 57 64 69
43 50 57 60
67 72 74 76
38 67 72 74 76
43 50 65 72
43 50 60 65 72
43 50 57 65 72
43 50 57 72
38 45 53 69
38 45 53 67
38 45 53 72
38 45 53 67 72
38 45 53 69 72
43 50 57 69
43 50 57 65
43 50 57 65 69
43 50 57 62 65 69
43 50 57 60 62 65 69
43 50 60 62 65 69
38 57 60 69
38 45 57 60 69
38 45 60 69
53 62 65 70
43 50 67 72
43 50 57 67 72
43 50 57 108
43 53 62 65
43 53 60 62 65
43 50 53 60 62 65
43 50 53 58 60 62 65
43 50 53 57 58 60 62 65
43 50 57 58 60 62 65
50 57 58 60 62 65
50 57 60 62 65
50 60 62 65
57 58 60 65
57 58 60 62 65
57 60 62 65
45 52 62 64
45 52 60 62 64
45 52 55 60 62 64
52 55 60 62 64
55 60 62 64
45 53 55 60
38 45 53 55
40 57 62 66
40 47 57 62 66
40 47 57 66
40 47 55 66
38 45 57 60
38 45 74 77
38 45 69 74 77
45 69 74 77
40 62 67 74
40 62 69 74
40 47 62 69 74
40 47 62 67 69 74
40 47 55 62 67 69 74
40 47 55 62 69 74
40 47 55 62 69
40 47 62 69
62 64 66 69
57 62 64 66 69
40 57 62 64 66 69
40 47 57 62 64 66 69
40 47 55 57 62 64 66 69
47 55 57 62 64 66 69
55 57 62 64 66 69
57 62 64 66
45 64 67 71
45 60 64 67 71
45 60 64 67
45 52 60 64 67
45 52 55 60 64 67
45 59 60 64
59 60 64 71
44 59 64 71
44 52 59 64 71
44 52 59 64 66 71
44 52 59 66 71
44 52 54 59 66 71
44 52 54 66 71
44 54 66 71
43 59 62 71
43 50 59 62 71
50 59 62 71
42 52 57 71
42 52 57 64 71
52 57 64 71
40 62 66 67
40 47 55 62 66
36 43 52 64
36 43 52 55 64
36 43 52 55 59 64
36 43 55 59 64
36 43 59 64
45 62 64 67
45 52 62 64 67
45 52 55 62 64 67
45 55 59 60 62 64 67
45 59 60 62 64 67
59 62 64 67
45 52 60 62 64 67
45 55 59 60
55 59 62 67
52 55 59 62 67
45 52 55 59 62 67
45 52 55 62 64
45 52 55 64
45 52 55 64 67
44 52 54 59 64 71
44 52 54 64 71
44 52 54 71
44 52 54 78
44 52 54 76
44 52 54 66
43 50 59 62 66 71
43 50 62 66 71
43 50 66 71
42 57 64 71
42 52 64 71
59 60 67 71
52 59 60 67 71
52 59 60 64 67 71
52 55 59 60 64 67 71
45 52 55 59 60 64 67 71
45 52 55 60 64 67 71
45 52 55 64 67 71
45 52 55 67 71
45 52 55 71
45 52 55 78
45 52 55 76
45 52 55 66
59 64 66 71
54 59 64 66 71
52 54 59 64 66 71
44 52 54 59 64 66 71
44 52 54 64 66 71
50 59 62 66
50 59 62 66 71
43 50 59 66 71
52 60 67 71
45 52 59 60 64 67 71
45 52 53 55 59 60 64 67 71
45 52 60 64 67 71
45 52 64 67 71
45 52 67 71
44 52 64 71
44 52 64 66 71
43 50 59 62 65 66 71
43 50 59 62 65 71
43 50 59 65 71
43 50 65 71
42 52 57 59 64 71
42 52 59 64 71
45 59 60 67 71
45 59 60 64 67 71
45 52 55 59 60 67 71
45 52 55 60 67 71
45 52 60 67 71
45 52 59 60
45 52 59 60 71
45 52 55 59 60 71
59 60 64 67 71
55 59 60 64 67 71
52 55 60 64 67 71
52 55 60 64 67
52 55 60 67
44 52 54 64
44 52 54 59 64
44 52 54 59 66
44 52 54 64 66
44 52 54 59 64 66
44 52 64 66
44 52 54 59 71
44 59 64 66 71
43 50 59 71
43 50 59 62
43 59 62 66 71
43 59 66 71
59 62 66 71
45 52 55 64 71
45 52 55 59 64 67 71
45 55 59 60 64 67 71
59 64 67 71
44 52 66 71
43 50 59 62 66
45 52 60 71
45 52 59 60 64 71
45 55 64 67 71
45 55 67 71
44 52 54 59
44 59 66 71
43 50 62 66
42 59 60 71
42 59 60 67 71
42 52 59 60 67 71
42 52 59 60 64 67 71
42 59 60 64 67 71
52 59 60 64
52 59 60 64 71
52 55 59 60 64 71
52 55 64 67 71
55 64 67 71
44 52 59 71
43 62 66 71
45 52 59 64
43 50 62 71
45 60 67 71
52 59 64 66 71
52 64 66 71
43 59 62 66
50 62 66 71
52 59 60 71
45 52 55 59 60 64 71
43 50 59 66
45 71 72 83
45 71 72 79 83
45 71 72 76 79 83
45 71 76 79 83
71 76 79 83
44 76 78 83
44 71 76 78 83
71 76 78 83
52 71 76 78 83
52 76 78 83
43 74 78 83
43 71 74 78 83
71 74 78 83
50 71 74 78 83
42 71 76 83
42 52 76 83
42 52 53 76 83
42 52 53 83
45 52 55 77
45 52 55 71 83
45 52 55 71 72 83
45 52 55 71 72 83 84
45 52 55 71 72 74 83 84
45 52 55 71 72 74 76 83 84
45 52 55 71 72 74 76 77 83 84
45 52 55 71 72 74 76 77 81 83 84
45 52 55 71 72 74 76 77 79 81 83 84
45 52 55 71 72 74 76 77 79 80 81 83 84
45 52 55 71 72 76 77 79 80 81 83 84
45 52 55 71 72 76 79 80 81 83 84
45 52 55 71 72 76 79 80 81 83
45 52 55 71 72 76 79 81 83
45 52 55 71 72 76 79 83
45 52 55 72 76 79 83
45 52 55 76 79 83
45 52 55 76 83
45 52 55 83
45 52 55 72
45 52 55 71 72
45 52 55 71 72 76 83
45 52 55 71 76 79 83
45 52 55 71 79 83
45 52 55 71 72 79 83
45 52 55 71 76 83
45 52 55 72 83
71 72 79 83
71 72 76 79 83
72 76 79 83
71 72 76 83
71 72 76 79
44 52 71 83
44 52 54 71 83
44 52 54 71 76 83
44 52 54 83
44 52 54 71 76 78 83
44 52 54 71 78 83
44 52 54 71 78
44 52 54 71 76
44 54 71 76 78 83
44 71 78 83
71 74 78 83 84
71 72 74 78 83 84
50 71 72 74 78 83 84
43 50 71 72 74 78 83 84
43 50 71 74 78 83 84
43 50 71 74 78 83
43 50 71 74 78
43 50 71 74
34 89 93 100
52 71 72 83
52 71 72 79 83
45 52 71 72 79 83
45 52 55 72 76 83
45 52 72 76 83
45 52 72 83
45 72 76 79
45 72 76 79 83
45 76 79 83
52 54 78 83
44 52 54 78 83
44 52 54 76 78 83
44 52 71 76 78 83
44 52 71 76 78
44 52 71 76